100
49 92
-1 3
-1 -1
2 -1
4 -1
5 9
-1 -1
7 -1
8 11
-1 -1
10 -1
6 13
-1 -1
12 39
-1 -1
15 22
-1 -1
17 19
-1 21
-1 -1
20 -1
18 -1
16 24
-1 32
-1 26
-1 31
-1 29
-1 -1
28 30
-1 -1
27 -1
25 38
-1 -1
33 37
-1 36
-1 -1
35 -1
34 -1
23 47
-1 -1
40 43
-1 -1
42 44
-1 46
-1 -1
45 -1
41 48
-1 -1
14 59
-1 -1
50 55
-1 53
-1 -1
52 -1
54 57
-1 -1
56 58
-1 -1
51 68
-1 61
-1 62
-1 -1
60 64
-1 67
-1 -1
65 -1
66 -1
63 73
-1 71
-1 -1
70 72
-1 -1
69 75
-1 -1
74 -1
-1 -1
76 79
-1 -1
78 -1
77 -1
80 90
-1 83
-1 -1
82 85
-1 88
-1 87
-1 -1
86 89
-1 -1
84 91
-1 -1
81 99
-1 94
-1 -1
93 -1
95 97
-1 -1
96 -1
98 100
-1 -1
