500
1 21
6 20
5 55
1 66
5 59
6 65
1 33
1 49
6 32
6 52
1 73
5 99
1 31
1 15
5 16
5 100
1 2
6 3
1 2
1 68
6 42
5 40
1 13
1 97
1 51
5 10
5 29
6 79
6 28
5 41
6 58
6 16
5 18
6 50
5 20
6 5
1 91
5 84
6 88
1 66
1 25
6 4
1 23
5 44
6 29
1 53
5 40
5 58
5 34
5 37
5 14
5 76
1 63
1 89
6 27
6 38
6 4
6 2
6 64
1 36
1 25
5 29
1 18
5 92
6 34
1 81
6 46
6 52
1 16
5 59
1 67
6 10
1 39
1 51
1 7
6 28
6 27
6 2
5 57
5 82
5 92
6 37
1 56
5 7
1 25
1 25
1 11
1 53
1 64
1 81
5 26
5 49
5 25
5 10
6 76
1 95
5 6
5 70
5 85
5 83
1 1
6 10
1 5
5 53
6 91
1 32
6 44
5 78
1 8
5 63
5 61
6 92
5 80
5 75
1 96
5 61
6 66
1 90
6 46
1 44
5 39
6 76
6 27
6 38
6 81
5 92
1 20
1 71
1 33
1 73
1 96
5 54
6 5
1 13
1 16
1 51
1 25
1 80
5 64
1 10
1 100
6 66
5 52
6 29
1 67
1 44
5 43
6 41
5 74
1 40
5 82
1 86
1 40
5 89
6 4
5 46
5 32
6 17
1 99
1 90
6 42
6 51
6 68
5 82
1 73
6 50
6 31
6 95
6 34
1 49
1 2
1 18
5 30
1 27
6 43
5 48
6 35
1 53
5 6
6 89
1 50
5 31
5 20
1 22
5 26
6 59
6 59
1 1
1 30
6 94
1 7
6 20
1 81
6 98
6 16
5 77
6 58
1 83
6 70
1 6
1 77
1 4
6 13
6 61
5 45
1 29
5 38
6 30
1 85
6 23
5 83
1 97
5 47
6 31
1 53
5 10
5 94
6 97
1 68
6 64
6 56
5 36
6 88
6 20
5 54
6 32
5 29
1 49
5 52
5 44
5 43
1 9
5 14
1 36
6 51
1 93
5 50
5 91
1 50
1 23
6 11
6 61
1 89
5 2
1 9
5 31
1 51
1 51
5 32
6 25
5 83
1 34
5 47
1 59
6 52
1 52
5 49
6 38
1 69
5 28
6 22
1 72
6 53
1 40
5 95
1 25
5 24
5 93
1 39
6 74
1 45
5 32
5 50
5 11
1 21
6 49
5 98
6 55
5 39
6 38
5 86
1 50
5 2
5 68
1 65
1 51
5 66
5 3
6 26
1 10
6 61
6 66
1 57
5 48
6 64
1 3
6 23
5 10
1 41
5 97
1 54
6 57
5 57
5 22
6 5
6 12
1 8
1 80
5 65
1 74
1 53
1 85
1 92
6 19
1 36
6 16
5 47
6 87
6 38
6 49
1 42
1 33
5 51
5 38
5 47
5 74
1 79
5 34
6 80
6 49
5 91
6 75
5 56
6 62
5 57
1 66
5 51
1 76
1 27
1 12
1 10
6 31
6 32
1 77
5 18
6 86
6 95
6 2
1 48
1 100
6 40
1 58
1 17
6 29
5 88
6 99
5 57
6 18
6 30
5 21
1 28
1 61
6 89
6 29
6 20
5 89
1 81
6 93
1 32
1 59
1 79
6 97
6 86
5 62
1 21
1 54
5 67
6 34
5 80
6 23
5 71
5 45
1 6
5 94
6 53
1 18
6 81
5 3
1 47
1 52
5 97
5 33
1 34
1 28
5 8
6 1
1 3
5 19
5 93
6 14
6 37
1 9
6 74
6 72
1 73
6 6
1 39
6 80
5 30
5 90
6 91
5 61
6 74
5 79
1 80
1 51
6 7
6 58
5 17
6 47
1 55
5 95
1 65
6 62
1 85
6 49
1 84
6 46
6 62
5 85
5 28
6 62
1 9
1 93
6 47
5 87
1 49
1 5
6 39
1 10
6 70
1 31
5 86
6 27
5 90
5 23
1 18
5 24
5 5
1 60
5 32
1 18
6 4
6 40
6 83
5 69
6 79
5 7
6 88
1 81
6 15
5 55
6 79
5 53
1 42
5 89
1 74
5 49
1 26
5 80
6 31
6 24
5 95
6 40
5 75
1 54
1 18
1 16
1 84
1 15
6 19
6 83
6 99
5 51
6 20
1 81
6 23
1 11
6 82
5 24
1 88
1 23
1 68
1 100
6 76
6 38
6 19
6 35
5 10
5 40
